3762
2286
6481
8155
906
9315
-500
5298
5387
9352
6631
6326
6775
3199
203
4952
5963
-647
4932
3590
3990
1351
5490
3380
8580
9317
487
1581
6172
4953
-194
3558
5002
5268
7292
2830
278
3032
5280
8116
8742
2989
7696
50
2800
9636
9399
8093
2632
3499
8271
6072
-697
3703
6306
428
2771
558
-140
8007
9279
8335
8282
7358
3748
1103
-821
5149
1787
5408
8159
5171
6097
9551
8125
3869
1044
1727
-315
4278
3630
54
8344
9395
-969
5904
1751
9065
7624
7763
3428
7366
3963
5091
-364
8315
9575
653
2205
6884
4630
3441
-116
8101
2127
519
2902
8025
5057
7949
1518
8170
5695
6307
4786
-74
8726
-513
4106
410
9590
3684
3051
882
5745
851
8934
7500
6617
5633
7496
-462
9717
3511
2961
1583
8605
4454
1381
2726
9560
88
264
7245
1434
9319
1754
6849
2198
4995
2559
5006
1306
7612
4500
284
9399
9173
4610
-586
6952
-778
9551
7120
7981
8927
5113
7720
-288
8692
6209
-546
9152
705
1276
3949
863
9235
6546
5459
9274
7815
6055
3981
3811
7697
6836
6265
-505
7546
6936
6595
7304
9532
6930
9835
1922
8240
3967
-567
-647
3112
1636
9884
371
7525
8121
6996
9178
8743
8522
2409
5354
1037
-13
5354
1017
6086
1497
8027
5392
3156
2778
1247
260
2596
1792
8933
6291
9844
5908
9296
6213
1673
8969
972
1862
4654
817
7534
6131
1614
1334
4547
773
7441
733
721
5244
6782
6205
5505
2941
344
9529
4690
6358
840
359
5631
4094
7373
4539
9009
2478
9650
8893
5173
1444
5670
1365
2288
9737
6618
3315
7456
5747
2515
1577
8109
2681
5561
9288
8910
2009
151
-967
-175
9008
7463
1227
648
903
2390
3137
8849
-577
2089
8148
142
8809
-922
8673
3647
1338
384
4320
6453
-338
3355
4332
7587
7236
509
2447
6877
2033
776
7571
7214
9027
5980
7049
5440
3770
4612
2967
1985
3735
349
5852
6806
2365
3309
8406
7805
1684
6309
9034
7134
6010
1302
9944
5654
6918
3029
3670
8628
3930
7656
3422
9001
3328
4444
2315
9428
9545
9686
3741
8704
6742
5873
5637
1602
5541
726
6448
4622
4706
5876
3517
3827
5768
6849
5890
3388
7600
5062
1550
2269
9642
2304
8302
3216
5318
1994
8110
1081
5330
-812
3156
-582
5722
875
3284
4927
9562
3844
7354
305
434
5339
-113
1826
3163
5423
550
6528
9651
867
-490
7492
-90
6013
9151
3785
2730
541
5358
1828
793
6160
8586
5111
5506
2883
9400
3915
6908
-120
2672
5951
6846
2264
3094
5701
2990
1604
-169
4853
-776
9240
4346
415
491
4692
2579
8668
478
4307
809
-161
7082
5804
3624
6207
5421
9737
5659
7207
1852
5748
4390
5470
